-0.508714 0.0703932 151 225 249
0.641601 0.0703932 151 225 249
0.641601 -0.0744025 151 225 249
-0.508714 -0.0744025 151 225 249
-0.351609 0.209957 151 225 249
0.397651 0.209957 151 225 249
0.397651 0.0651618 151 225 249
-0.351609 0.0651618 151 225 249
-0.813163 -0.0740412 151 225 249
0.641606 -0.0740412 151 225 249
0.641606 -0.277189 151 225 249
-0.813163 -0.277189 151 225 249
0.621606 -0.0414304 151 225 249
0.860716 -0.0414304 151 225 249
0.860716 -0.259263 151 225 249
0.621606 -0.259263 151 225 249
-0.317491 -0.157689 151 225 249
0.485948 -0.157689 151 225 249
0.485948 -0.360836 151 225 249
-0.317491 -0.360836 151 225 249
0.855793 -0.0971893 151 225 249
0.902877 -0.0971893 151 225 249
0.902877 -0.157689 151 225 249
0.855793 -0.157689 151 225 249
-0.903445 -0.195504 255 255 255
-0.857486 -0.195504 255 255 255
-0.857486 -0.277189 255 255 255
-0.903445 -0.277189 255 255 255
-0.856741 -0.113819 255 255 255
-0.810782 -0.113819 255 255 255
-0.810782 -0.195504 255 255 255
-0.856741 -0.195504 255 255 255
-0.818456 -0.0647542 255 255 255
-0.684017 -0.0647542 255 255 255
-0.684017 -0.146439 255 255 255
-0.818456 -0.146439 255 255 255
-0.685809 0.00728238 255 255 255
-0.551126 0.00728238 255 255 255
-0.551126 -0.0744025 255 255 255
-0.685809 -0.0744025 255 255 255
-0.508714 0.096106 255 255 255
-0.32604 0.096106 255 255 255
-0.32604 0.0446804 255 255 255
-0.508714 0.0446804 255 255 255
-0.470846 0.20392 255 255 255
-0.230293 0.20392 255 255 255
-0.230293 0.0876246 255 255 255
-0.470846 0.0876246 255 255 255
-0.42758 0.0446804 255 255 255
-0.361851 0.0446804 255 255 255
-0.361851 -0.00674534 255 255 255
-0.42758 -0.00674534 255 255 255
-0.597611 -0.0647542 255 255 255
-0.543389 -0.0647542 255 255 255
-0.543389 -0.146439 255 255 255
-0.597611 -0.146439 255 255 255
-0.42372 0.286837 255 255 255
-0.285926 0.286837 255 255 255
-0.285926 0.20392 255 255 255
-0.42372 0.20392 255 255 255
-0.0176736 0.60403 255 255 255
0.12571 0.60403 255 255 255
0.12571 0.521113 255 255 255
-0.0176736 0.521113 255 255 255
-0.0893628 0.54365 255 255 255
0.196889 0.54365 255 255 255
0.196889 0.460734 255 255 255
-0.0893628 0.460734 255 255 255
-0.129591 0.476419 255 255 255
0.23333 0.476419 255 255 255
0.23333 0.393503 255 255 255
-0.129591 0.393503 255 255 255
-0.158437 0.420771 255 255 255
0.26464 0.420771 255 255 255
0.26464 0.339457 255 255 255
-0.158437 0.339457 255 255 255
-0.159875 0.35829 255 255 255
0.293485 0.35829 255 255 255
0.293485 0.275374 255 255 255
-0.159875 0.275374 255 255 255
-0.208584 0.299244 255 255 255
0.293485 0.299244 255 255 255
0.293485 0.20393 255 255 255
-0.208584 0.20393 255 255 255
-0.299768 0.209957 255 255 255
-0.194503 0.209957 255 255 255
-0.194503 0.122245 255 255 255
-0.299768 0.122245 255 255 255
-0.125736 0.229726 255 255 255
0.210637 0.229726 255 255 255
0.210637 0.14681 255 255 255
-0.125736 0.14681 255 255 255
-0.0893628 0.179013 255 255 255
0.156749 0.179013 255 255 255
0.156749 0.0960968 255 255 255
-0.0893628 0.0960968 255 255 255
-0.0127817 0.129087 255 255 255
0.0842313 0.129087 255 255 255
0.0842313 0.0461711 255 255 255
-0.0127817 0.0461711 255 255 255
0.248584 0.271189 255 255 255
0.345597 0.271189 255 255 255
0.345597 0.188272 255 255 255
0.248584 0.188272 255 255 255
0.423412 0.306077 255 255 255
0.545489 0.306077 255 255 255
0.545489 0.223161 255 255 255
0.423412 0.223161 255 255 255
0.341903 0.245383 255 255 255
0.580258 0.245383 255 255 255
0.580258 0.162467 255 255 255
0.341903 0.162467 255 255 255
0.341903 0.20392 255 255 255
0.607942 0.20392 255 255 255
0.607942 0.0960968 255 255 255
0.341903 0.0960968 255 255 255
0.384413 0.146819 255 255 255
0.642127 0.146819 255 255 255
0.642127 0.0461711 255 255 255
0.384413 0.0461711 255 255 255
0.469773 0.0746061 255 255 255
0.563004 0.0746061 255 255 255
0.563004 -0.00831008 255 255 255
0.469773 -0.00831008 255 255 255
0.687466 0.00302315 255 255 255
0.825828 0.00302315 255 255 255
0.825828 -0.0497637 255 255 255
0.687466 -0.0497637 255 255 255
0.71714 0.0331434 255 255 255
0.825828 0.0331434 255 255 255
0.825828 -0.0196434 255 255 255
0.71714 -0.0196434 255 255 255
0.794273 -0.0329952 255 255 255
0.864483 -0.0329952 255 255 255
0.864483 -0.096532 255 255 255
0.794273 -0.096532 255 255 255
-0.857486 -0.195504 198 204 219
-0.63251 -0.195504 198 204 219
-0.63251 -0.277189 198 204 219
-0.857486 -0.277189 198 204 219
-0.686033 -0.242781 198 204 219
-0.229715 -0.242781 198 204 219
-0.229715 -0.327484 198 204 219
-0.686033 -0.327484 198 204 219
-0.471419 -0.186837 198 204 219
-0.292553 -0.186837 198 204 219
-0.292553 -0.259263 198 204 219
-0.471419 -0.259263 198 204 219
-0.467788 -0.305049 198 204 219
0.603461 -0.305049 198 204 219
0.603461 -0.373623 198 204 219
-0.467788 -0.373623 198 204 219
-0.411045 -0.373614 198 204 219
0.540368 -0.373614 198 204 219
0.540368 -0.420243 198 204 219
-0.411045 -0.420243 198 204 219
-0.229787 -0.396929 198 204 219
0.540863 -0.396929 198 204 219
0.540863 -0.448586 198 204 219
-0.229787 -0.448586 198 204 219
-0.159875 -0.439225 198 204 219
0.349243 -0.439225 198 204 219
0.349243 -0.494002 198 204 219
-0.159875 -0.494002 198 204 219
0.0309058 -0.466614 198 204 219
0.255424 -0.466614 198 204 219
0.255424 -0.548946 198 204 219
0.0309058 -0.548946 198 204 219
-0.104153 -0.248818 198 204 219
0.187762 -0.248818 198 204 219
0.187762 -0.327494 198 204 219
-0.104153 -0.327494 198 204 219
-0.00530076 -0.198754 198 204 219
0.0795949 -0.198754 198 204 219
0.0795949 -0.248818 198 204 219
-0.00530076 -0.248818 198 204 219
0.309838 -0.203152 198 204 219
0.656412 -0.203152 198 204 219
0.656412 -0.3113 198 204 219
0.309838 -0.3113 198 204 219
0.387352 -0.146523 198 204 219
0.567447 -0.146523 198 204 219
0.567447 -0.203152 198 204 219
0.387352 -0.203152 198 204 219
0.600601 -0.248818 198 204 219
0.825473 -0.248818 198 204 219
0.825473 -0.32592 198 204 219
0.600601 -0.32592 198 204 219
0.741052 -0.203152 198 204 219
0.864946 -0.203152 198 204 219
0.864946 -0.269661 198 204 219
0.741052 -0.269661 198 204 219
0.768866 -0.158976 198 204 219
0.903445 -0.158976 198 204 219
0.903445 -0.21155 198 204 219
0.768866 -0.21155 198 204 219
-0.897501 -0.277013 170 200 206
-0.685611 -0.277013 170 200 206
-0.685611 -0.328688 170 200 206
-0.897501 -0.328688 170 200 206
-0.68632 -0.326614 170 200 206
-0.464594 -0.326614 170 200 206
-0.464594 -0.376077 170 200 206
-0.68632 -0.376077 170 200 206
-0.469731 -0.373614 170 200 206
-0.411045 -0.373614 170 200 206
-0.411045 -0.421271 170 200 206
-0.469731 -0.421271 170 200 206
-0.416249 -0.420521 170 200 206
-0.230329 -0.420521 170 200 206
-0.230329 -0.472114 170 200 206
-0.416249 -0.472114 170 200 206
-0.230329 -0.446317 170 200 206
-0.156572 -0.446317 170 200 206
-0.156572 -0.495382 170 200 206
-0.230329 -0.495382 170 200 206
-0.164251 -0.493937 170 200 206
0.0304006 -0.493937 170 200 206
0.0304006 -0.546863 170 200 206
-0.164251 -0.546863 170 200 206
0.0300255 -0.543521 170 200 206
0.258841 -0.543521 170 200 206
0.258841 -0.60403 170 200 206
0.0300255 -0.60403 170 200 206
0.255424 -0.492817 170 200 206
0.349244 -0.492817 170 200 206
0.349244 -0.547335 170 200 206
0.255424 -0.547335 170 200 206
0.348389 -0.448595 170 200 206
0.540863 -0.448595 170 200 206
0.540863 -0.4919 170 200 206
0.348389 -0.4919 170 200 206
0.537763 -0.373614 170 200 206
0.603555 -0.373614 170 200 206
0.603555 -0.448586 170 200 206
0.537763 -0.448586 170 200 206
0.603555 -0.326892 170 200 206
0.825479 -0.326892 170 200 206
0.825479 -0.382892 170 200 206
0.603555 -0.382892 170 200 206
0.82626 -0.269661 170 200 206
0.864478 -0.269661 170 200 206
0.864478 -0.326586 170 200 206
0.82626 -0.326586 170 200 206
0.864941 -0.207078 170 200 206
0.902497 -0.207078 170 200 206
0.902497 -0.267133 170 200 206
0.864941 -0.267133 170 200 206
